0,490
0,308
0,2
0,408
0,407
0,304
0,479
0,302
0,316
0,303
0,406
0,403
0,412
0,289
0,395
0,428
0,453
0,536
0,514
0,421
0,511
0,391
0,492
0,389
0,385
0,467
0,384
33,3
33,4
0,442
0,462
0,279
0,311
0,294
0,292
0,285
0,283
0,464
0,277
0,440
0,457
0,474
0,400
0,460
33,392
0,459
0,452
0,451
35,201
35,194
0,480
0,458
0,568
0,450
0,473
0,449
0,523
0,309
0,448
0,300
0,298
0,456
0,290
0,465
0,287
0,574
0,541
0,529
0,455
0,299
14,3
0,296
0,293
0,445
114,3
114,4
0,551
0,402
35,197
0,433
0,438
0,443
0,563
0,243
0,422
0,419
0,560
25,3
25,4
24,3
24,4
0,572
37,2
14,11
13,3
43,2
0,570
33,401
0,0
0,571
0,5
0,461
35,230
35,212
111,3
35,137
111,4
36,2
36,8
38,3
38,4
43,5
43,4
0,507
43,3
0,567
0,415
0,310
0,392
0,416
0,297
35,219
0,286
0,564
96,2
0,280
96,11
96,10
96,9
96,8
96,7
96,5
0,566
0,446
0,295
0,554
95,2
95,0
35,195
35,129
0,573
0,268
0,267
0,266
0,265
0,264
0,263
0,262
0,261
0,260
0,259
0,258
0,257
0,256
0,203
0,202
0,198
0,63
0,62
0,61
0,60
0,49
0,550
36,6
37,4
0,284
37,3
36,10
36,9
0,50
0,539
0,281
0,48
0,558
0,538
0,6
0,565
36,3
96,3
96,4
36,7
36,5
36,4
0,255
0,254
0,253
0,252
0,251
0,250
0,249
0,561
0,248
0,247
0,246
0,245
0,244
0,242
0,241
0,240
0,239
0,238
0,237
0,236
0,546
0,235
0,234
0,549
0,233
0,232
0,231
0,230
0,545
0,229
0,228
0,227
0,226
0,225
0,224
0,223
0,222
0,221
0,220
0,219
0,218
0,217
0,427
0,216
0,215
0,214
0,213
0,212
0,211
0,555
0,210
0,209
0,208
0,207
0,206
0,205
0,544
0,204
0,413
0,201
0,200
0,199
0,447
0,388
0,543
0,197
0,196
0,195
0,194
0,556
0,193
0,559
0,192
0,59
0,58
0,57
0,56
0,55
0,54
0,53
0,52
0,51
0,47
0,46
0,45
108,3
108,7
108,5
0,548
35,202
35,247
35,246
35,245
35,272
35,271
35,1
35,270
35,256
35,19
35,18
35,17
35,16
35,23
35,22
35,21
35,20
35,72
35,71
35,70
35,69
35,80
35,79
35,78
35,77
35,84
35,83
35,82
35,81
35,88
35,87
35,86
35,85
35,92
35,91
35,90
35,89
35,96
35,95
35,94
35,93
35,100
35,99
35,98
35,97
35,104
35,103
35,102
35,101
35,108
35,107
35,106
35,105
35,112
35,111
35,110
35,109
35,116
35,115
35,114
35,113
35,120
35,119
35,118
35,117
35,124
35,123
35,122
35,121
35,128
35,127
35,126
35,125
35,136
35,135
35,134
35,133
